epsilon = 0.00001;
count = ((2.0 - 1.99999)^ 2) ^ 0.5;
d = ((2.0 - 1.99999)^ 2) ^ 0.5 >= epsilon;
c = ((2.0 - 1.99999)^ 2) ^ 0.5 > epsilon;
e = ((2.0 - 1.99999)^ 2) ^ 0.5 <= epsilon;
f = ((2.0 - 1.99999)^ 2) ^ 0.5 < epsilon;
g = ((2.0 - 1.99999)^ 2) ^ 0.5 == epsilon;
h = ((2.0 - 1.99999)^ 2) ^ 0.5 ~= epsilon;